1	0.999999998	0.999999967	0.999999468
0.999999998	0.999999967	0.999999468	0.999991488
0.99999999	0.999999832	0.999997307	0.999956911
0.999999967	0.999999469	0.999991489	0.999863824
0.99999992	0.999998703	0.999979222	0.999667569
0.999999834	0.99999731	0.999956915	0.999310783
0.999999693	0.999995016	0.999920183	0.998723468
0.999999476	0.999991497	0.999863842	0.997823131
0.999999161	0.999986381	0.999781915	0.996515002
0.999998722	0.999979243	0.999667629	0.994692364
0.999998129	0.999969611	0.999513423	0.992237025
0.99999735	0.999956962	0.999310945	0.989019981
0.99999635	0.999940724	0.999051058	0.98490229
0.99999509	0.999920275	0.998723849	0.979736211
0.99999353	0.999894944	0.998318628	0.973366642
0.999991625	0.99986401	0.997823942	0.965632912
0.999989327	0.999826702	0.997227581	0.956370937
0.999986586	0.999782202	0.996516592	0.945415809
0.999983349	0.999729639	0.99567729	0.932604815
0.999979558	0.999668097	0.994695278	0.917780913
0.999975154	0.999596609	0.993555463	0.900796672
0.999970075	0.999514158	0.992242083	0.881518645
0.999964254	0.999419681	0.990738725	0.859832152
0.999957623	0.999312064	0.989028363	0.835646401
0.999950111	0.999190145	0.987093388	0.808899864
0.999941642	0.999052716	0.984915643	0.77956577
0.999932139	0.998898518	0.982476472	0.747657579
0.99992152	0.998726247	0.979756763	0.71323422
0.999909703	0.99853455	0.976737004	0.676404891
0.999896599	0.998322027	0.97339734	0.637333137
0.99988212	0.998087231	0.969717638	0.596239938
0.999866173	0.99782867	0.965677558	0.553405495
0.999848661	0.997544805	0.96125663	0.509169403
0.999829486	0.997234052	0.956434339	0.463928909
0.999808546	0.99689478	0.951190214	0.418134977
0.999785737	0.996525316	0.945503929	0.439017865
0.99976095	0.996123942	0.9393554	0.487921479
0.999734076	0.995688895	0.932724908	0.538824639
0.999705	0.995218371	0.925593206	0.591178777
0.999673606	0.994710524	0.917941655	0.644313265
0.999639775	0.994163466	0.909752347	0.697435059
0.999603384	0.993575267	0.901008252	0.749633169
0.999564308	0.992943959	0.891693358	0.79988882
0.999522419	0.992267535	0.881792823	0.847092029
0.999477585	0.991543949	0.871293132	0.890065128
0.999429673	0.990771118	0.860182255	0.927593504
0.999378546	0.989946926	0.848449814	0.958463414
0.999324064	0.989069218	0.836087249	0.98150632
0.999266084	0.988135807	0.823087984	0.99564864
0.999204462	0.987144476	0.809447601	0.999965239
0.999139049	0.986092975	0.795164006	0.993734385
0.999069693	0.984979023	0.780237596	0.976491354
0.998996242	0.983800315	0.764671422	0.948077324
0.998918538	0.982554515	0.748471348	0.908679921
0.998836422	0.981239267	0.731646201	0.858861576
0.998749732	0.979852187	0.714207913	0.799571996
0.998658303	0.978390875	0.69617165	0.732141511
0.998561967	0.976852906	0.677555933	0.658252799
0.998460554	0.975235844	0.658382738	0.579889712
0.99835389	0.973537232	0.638677579	0.499263358
0.998241801	0.971754603	0.618469576	0.418717407
0.998124107	0.969885479	0.597791492	0.472831482
0.998000628	0.967927373	0.576679758	0.557274453
0.997871179	0.965877793	0.555174453	0.642705802
0.997735575	0.963734243	0.533319275	0.72610758
0.997593626	0.961494225	0.511161462	0.804156028
0.997445142	0.959155245	0.488751695	0.873379404
0.997289927	0.956714814	0.466143955	0.930351321
0.997127785	0.954170448	0.443395346	0.971909877
0.996958518	0.951519678	0.420565884	0.995388636
0.996781923	0.948760047	0.412929926	0.998841796
0.996597797	0.945889113	0.436311943	0.981243321
0.996405933	0.94290446	0.460299593	0.942638839
0.996206122	0.939803691	0.484843924	0.884230242
0.995998153	0.936584439	0.509889017	0.80837651
0.995781812	0.93324437	0.535371787	0.718500266
0.995556884	0.929781181	0.561221822	0.618897833
0.995323149	0.926192612	0.587361285	0.514460419
0.995080387	0.922476444	0.613704864	0.410324611
0.994828376	0.918630505	0.640159794	0.505282215
0.99456689	0.914652673	0.666625955	0.613717928
0.994295702	0.910540884	0.692996036	0.719784478
0.994014583	0.906293131	0.719155801	0.817072291
0.9937233	0.901907473	0.74498443	0.899042044
0.993421621	0.897382035	0.770354965	0.959601367
0.99310931	0.892715016	0.795134853	0.99371104
0.992786128	0.887904694	0.819186594	0.997953956
0.992451836	0.882949426	0.842368493	0.970994446
0.992106193	0.877847658	0.864535517	0.913859228
0.991748954	0.872597927	0.885540269	0.829985224
0.991379874	0.867198866	0.905234055	0.725003695
0.990998706	0.86164921	0.923468062	0.606262381
0.990605201	0.855947798	0.940094628	0.48212386
0.990199107	0.850093582	0.954968606	0.45077967
0.989780172	0.844085628	0.967948808	0.577196997
0.989348141	0.837923124	0.978899518	0.702631898
0.988902759	0.831605383	0.987692063	0.817105973
0.988443768	0.825131849	0.994206423	0.910467492
0.987970909	0.818502098	0.998332873	0.97359002
0.987483921	0.811715852	0.999973617	0.999577908
0.986982542	0.804772971	0.999044416	0.984797214
0.986466508	0.797673471	0.995476172	0.929554368
0.985935556	0.790417517	0.989216442	0.838280832
0.985389417	0.783005435	0.980230872	0.719148613
0.984827826	0.775437715	0.968504498	0.583130514
0.984250514	0.767715013	0.954042915	0.442616349
0.98365721	0.759838158	0.936873265	0.507213494
0.983047643	0.751808155	0.917045022	0.650322702
0.982421543	0.743626187	0.894630557	0.784648077
0.981778636	0.735293624	0.869725443	0.895854113
0.981118648	0.726812021	0.842448488	0.970844745
0.980441305	0.718183126	0.812941474	0.999847687
0.979746331	0.709408879	0.781368579	0.978156529
0.979033449	0.700491418	0.747915476	0.907169213
0.978302383	0.691433083	0.7127881	0.794461677
0.977552856	0.682236413	0.676211075	0.652804846
0.976784589	0.672904156	0.638425811	0.498242092
0.975997304	0.663439265	0.599688271	0.465303447
0.975190721	0.6538449	0.560266436	0.622674061
0.974364562	0.644124435	0.520437473	0.772472973
0.973518546	0.634281453	0.480484654	0.895860631
0.972652394	0.624319748	0.440694048	0.975680442
0.971765826	0.614243329	0.409269465	0.999686073
0.970858561	0.604056415	0.449099231	0.963110656
0.96993032	0.593763439	0.489959231	0.869947624
0.968980822	0.583369044	0.531568609	0.732551989
0.968009788	0.572878085	0.573617908	0.569535926
0.967016938	0.562295622	0.615771236	0.408236735
0.966001992	0.551626926	0.657669042	0.576957603
0.964964672	0.540877468	0.698931491	0.74277763
0.963904699	0.530052923	0.739162443	0.88212383
0.962821795	0.519159161	0.777953997	0.972957887
0.961715682	0.508202248	0.814891577	0.999490485
0.960586084	0.497188438	0.849559489	0.955923597
0.959432726	0.48612417	0.881546904	0.84818219
0.958255331	0.47501606	0.910454162	0.69304025
0.957053626	0.463870899	0.935899317	0.514707631
0.955827338	0.452695643	0.957524806	0.473891302
0.954576196	0.441497408	0.97500411	0.655916823
0.953299927	0.430283461	0.988048301	0.822018297
0.951998264	0.419061214	0.996412304	0.943816853
0.950670938	0.407838213	0.999900748	0.998412829
0.949317682	0.414653091	0.998373255	0.974223488
0.947938232	0.426071748	0.991749013	0.874361448
0.946532324	0.437638028	0.980010509	0.716395108
0.945099698	0.449346578	0.963206265	0.528344925
0.943640093	0.461191662	0.941452492	0.471414131
0.942153252	0.473167154	0.914933525	0.664289088
0.94063892	0.485266537	0.883900994	0.83758271
0.939096843	0.49748289	0.848671654	0.957961989
0.93752677	0.509808893	0.809623857	0.999975211
0.935928452	0.522236816	0.767192675	0.953346114
0.934301644	0.534758521	0.721863712	0.826435243
0.932646101	0.547365456	0.674165678	0.644499088
0.930961583	0.560048656	0.624661837	0.443043429
0.929247851	0.572798743	0.57394048	0.568244995
0.92750467	0.585605925	0.522604594	0.764853234
0.925731808	0.598459997	0.471260942	0.91873295
0.923929035	0.611350344	0.42050879	0.995422882
0.922096125	0.624265944	0.440476442	0.975973
0.920232857	0.637195372	0.492252521	0.863330115
0.918339009	0.650126806	0.544999276	0.682140662
0.916414367	0.663048031	0.598077048	0.471697359
0.914458719	0.675946451	0.650796483	0.548738839
0.912471855	0.688809092	0.702429518	0.75610886
0.910453572	0.701622617	0.752222061	0.918610388
0.908403668	0.714373333	0.799408156	0.996680817
0.906321948	0.727047206	0.843225367	0.969370068
0.904208218	0.739629875	0.882931045	0.841994472
0.902062291	0.752106663	0.917819128	0.645137342
0.899883984	0.764462596	0.947237034	0.424970224
0.897673116	0.776682422	0.970602212	0.605934587
0.895429514	0.788750626	0.987417864	0.813339805
0.893153008	0.800651454	0.997287371	0.957296504
0.890843432	0.812368932	0.999926939	0.998831466
0.888500627	0.823886887	0.995176013	0.925015604
0.886124439	0.835188976	0.983005053	0.754488279
0.883714717	0.84625871	0.963520307	0.531482365
0.881271317	0.857079477	0.936965297	0.50650322
0.8787941	0.867634575	0.903718815	0.733964684
0.876282934	0.877907238	0.864289338	0.914669235
0.873737689	0.887880669	0.819305848	0.997896433
0.871158244	0.89753807	0.769505196	0.957959591
0.868544484	0.906862676	0.71571624	0.804958347
0.865896298	0.915837788	0.658841106	0.581772431
0.863213581	0.924446809	0.599834053	0.464725844
0.860496237	0.93267328	0.53967849	0.702366711
0.857744174	0.940500917	0.479362811	0.898770635
0.854957307	0.947913649	0.419855752	0.995805363
0.852135557	0.954895657	0.449792648	0.961964814
0.849278852	0.961431411	0.510547819	0.806195758
0.846387128	0.967505717	0.572204312	0.575191117
0.843460326	0.973103747	0.633717559	0.479211441
0.840498394	0.978211091	0.693974611	0.72360485
0.83750129	0.982813792	0.751820338	0.917568879
0.834468976	0.986898387	0.80608663	0.999455938
0.831401422	0.990451954	0.855623804	0.940646395
0.828298606	0.993462149	0.899333275	0.759082314
0.825160513	0.995917251	0.936200467	0.512395226
0.821987136	0.997806199	0.965326819	0.549796625
0.818778476	0.99911864	0.985959748	0.793529128
0.815534541	0.999844961	0.997519397	0.960894715
0.812255347	0.999976336	0.999621085	0.993950783
0.808940919	0.999504762	0.992092434	0.879341746
0.805591289	0.998423096	0.974984338	0.65568564
0.802206496	0.996725093	0.948575105	0.41405237
0.798786591	0.994405444	0.913367337	0.674478696
0.795331631	0.991459805	0.870077376	0.894568895
0.79184168	0.987884835	0.819617442	0.997742276
0.788316814	0.983678223	0.763070852	0.944605636
0.784757114	0.978838721	0.701661037	0.753194907
0.781162673	0.973366165	0.636715321	0.491312748
0.77753359	0.967261506	0.569624683	0.585497394
0.773869976	0.96052683	0.501800945	0.834431093
0.770171948	0.953165376	0.434632957	0.983190897
0.766439632	0.945181556	0.442032855	0.97384422
0.762673167	0.936580969	0.509919781	0.80827551
0.758872696	0.92737041	0.57886083	0.548533561
0.755038375	0.917557885	0.647391822	0.534787779
0.751170367	0.907152607	0.713957327	0.798672307
0.747268846	0.896165007	0.776957639	0.971345154
0.743333995	0.884606727	0.834800321	0.983359886
0.739366005	0.872490617	0.88595444	0.828037942
0.73536508	0.859830727	0.929005418	0.566455989
0.731331429	0.846642295	0.962708229	0.523396879
0.727265275	0.83294173	0.98603663	0.794564577
0.723166847	0.818746593	0.998226153	0.971917394
0.719036386	0.804075575	0.998808763	0.98107489
0.714874144	0.788948467	0.987637332	0.816353096
0.710680378	0.773386132	0.964898482	0.545412854
0.706455361	0.757410466	0.931112804	0.550885975
0.70219937	0.741044364	0.887121995	0.822486724
0.697912697	0.724311673	0.834063063	0.984376146
0.69359564	0.707237148	0.77333035	0.965117831
0.689248509	0.6898464	0.70652672	0.771491137
0.684871625	0.672165843	0.635405827	0.486019425
0.680465316	0.654222638	0.561807848	0.616579959
0.676029922	0.636044629	0.487591471	0.876642741
0.671565792	0.617660281	0.414565144	0.99829397
0.667073287	0.599098612	0.468731362	0.924575497
0.662552775	0.580389123	0.54353268	0.687746696
0.658004637	0.561561724	0.618688847	0.419571392
0.653429263	0.542646656	0.692232932	0.716796478
0.648827051	0.52367442	0.762116855	0.94249028
0.644198411	0.504675687	0.826288377	0.993099035
0.639543763	0.485681222	0.882772687	0.842709204
0.634863537	0.4667218	0.92975486	0.560944889
0.630158172	0.447828115	0.965659222	0.553216092
0.625428117	0.4290307	0.989221569	0.838352589
0.620673831	0.410359835	0.999550374	0.992824951
0.615895784	0.419511427	0.996173507	0.94016315
0.611094453	0.438403826	0.979067578	0.704700935
0.606270328	0.457536581	0.948667831	0.413293779
0.601423906	0.476881155	0.905857474	0.721275718
0.596555695	0.49640757	0.851936369	0.950218321
0.591666213	0.516084441	0.788570129	0.987403417
0.586755985	0.535879033	0.717721779	0.812050306
0.581825548	0.555757309	0.641569106	0.511013959
0.576875447	0.575683998	0.562411735	0.614188994
0.571906237	0.595622662	0.482572583	0.89035462
0.566918482	0.615535769	0.406312836	0.99997969
0.561912753	0.635384776	0.484910276	0.884050446
0.556889634	0.655130215	0.565521428	0.601846624
0.551849715	0.674731789	0.64584151	0.528445322
0.546793595	0.694148471	0.723400997	0.83167844
0.541721882	0.713338609	0.795668616	0.994131576
0.536635192	0.732260036	0.860163578	0.927650268
0.531534152	0.750870189	0.914571327	0.666659117
0.526419394	0.769126228	0.956856531	0.467767233
0.521291559	0.786985166	0.98536692	0.785578093
0.516151298	0.804403995	0.998921741	0.98285814
0.510999267	0.82133982	0.996879291	0.95099252
0.505836131	0.837750005	0.979178941	0.706074526
0.500662565	0.853592303	0.946354475	0.432137856
0.495479247	0.868825008	0.899517134	0.758054417
0.490286866	0.883407096	0.840308561	0.974712004
0.485086116	0.897298377	0.770825672	0.960497668
0.479877699	0.910459636	0.693521246	0.721835153
0.474662324	0.922852789	0.611085608	0.420496564
0.469440705	0.934441027	0.52631605	0.751628399
0.464213564	0.945188963	0.44198151	0.973916215
0.458981629	0.955062782	0.451269203	0.959470934
0.453745634	0.96403038	0.536291177	0.715077126
0.448506319	0.972061508	0.621906522	0.432172415
0.443264429	0.979127907	0.705219093	0.76660943
0.438020716	0.985203445	0.783222673	0.980762649
0.432775935	0.990264238	0.85294891	0.947677714
0.427530847	0.994288781	0.911621178	0.68566683
0.42228622	0.997258058	0.956805084	0.467298058
0.417042824	0.999155652	0.986546101	0.801451673
0.411801433	0.999967851	0.999485223	0.991788482
0.414837046	0.999683734	0.994944575	0.921527223
0.420117041	0.998295262	0.972976626	0.632531601
0.425427	0.99579735	0.934372807	0.526365723
0.430766375	0.992187932	0.880629977	0.852212282
0.436134602	0.987468014	0.813875913	0.999702859
0.441531101	0.98164172	0.73675784	0.87484831
0.446955274	0.974716319	0.652300582	0.554908086
0.452406509	0.966702252	0.563743123	0.608911228
0.457884178	0.957613129	0.474363945	0.911310837
0.463387636	0.947465734	0.423520502	0.993447447
0.468916221	0.936279999	0.512248717	0.800527198
0.474469256	0.924078977	0.602453788	0.454361612
0.480046047	0.910888793	0.690821634	0.711253709
0.485645883	0.896738593	0.773872379	0.966083017
0.491268038	0.881660463	0.848147911	0.959141513
0.496911769	0.865689355	0.910408395	0.693328941
0.502576316	0.848862979	0.957824752	0.476657956
0.508260905	0.831221702	0.98815372	0.823475842
0.513964742	0.812808416	0.999882823	0.998126371
0.519687019	0.793668408	0.992334206	0.882860459
0.525426912	0.77384921	0.965718923	0.553831486
0.53118358	0.753400441	0.921136586	0.622526267
0.536956166	0.732373636	0.860519168	0.926575872
0.542743797	0.710822065	0.786521831	0.985015488
0.548545583	0.688800546	0.702367621	0.755872558
0.55436062	0.666365245	0.611656423	0.418276603
0.560187986	0.643573467	0.51815137	0.780427662
0.566026743	0.620483446	0.425557703	0.991914562
0.57187594	0.597154125	0.476488882	0.906067639
0.577734608	0.573644926	0.570592195	0.581636954
0.583601763	0.550015526	0.663966775	0.602814492
0.589476406	0.526325624	0.75268537	0.919803373
0.595357522	0.502634704	0.832783679	0.986061646
0.601244081	0.479001802	0.900502709	0.752505436
0.607135039	0.455485271	0.952529272	0.429499464
0.613029335	0.432142548	0.98621662	0.796992338
0.618925896	0.409029922	0.999768012	0.996293132
0.624823633	0.425299452	0.99236824	0.883356592
0.630721443	0.448721873	0.964251731	0.538841811
0.636618207	0.472443174	0.916700538	0.652620657
0.642512795	0.496407329	0.851970917	0.950133351
0.648404062	0.52055571	0.773152856	0.964798179
0.654290849	0.544827253	0.683972376	0.684072526
0.660171985	0.569158653	0.588551145	0.509700429
0.666046283	0.593484569	0.491141552	0.866554854
0.671912547	0.617737844	0.41481385	0.998201766
0.677769566	0.641849745	0.511097012	0.804374173
0.683616116	0.66575021	0.609108257	0.428211612
0.689450964	0.68936812	0.704588531	0.764244598
0.695272862	0.712631568	0.793082976	0.991962811
0.701080553	0.735468153	0.870226529	0.894022974
0.706872766	0.757805274	0.932038214	0.543979589
0.712648222	0.779570442	0.975200906	0.658219229
0.71840563	0.800691589	0.997303536	0.957546726
0.724143689	0.821097391	0.997024993	0.953239618
0.729861087	0.840717588	0.974243183	0.647065896
0.735556504	0.859483315	0.930058582	0.558704531
0.74122861	0.877327428	0.866728649	0.906469246
0.746876066	0.894184827	0.787516979	0.986199711
0.752497526	0.909992783	0.696468504	0.733286963
0.758091633	0.924691252	0.598128508	0.471497005
0.763657024	0.938223193	0.497228242	0.848537723
0.769192329	0.950534867	0.41228163	0.999030275
0.774696171	0.961576133	0.511937149	0.801572103
0.780167164	0.971300729	0.613381348	0.411582371
0.78560392	0.979666536	0.71188211	0.791177691
0.791005043	0.986635836	0.802503432	0.998254218
0.79636913	0.992175542	0.880445674	0.853016551
0.801694777	0.996257411	0.941393072	0.471886282
0.806980573	0.998858245	0.981839027	0.739480298
0.812225103	0.999960057	0.999360446	0.989805716
0.817426951	0.999550223	0.992815953	0.889903277
0.822584695	0.997621603	0.962448822	0.520832007
0.827696913	0.99417264	0.909883668	0.696617332
0.83276218	0.989207431	0.838015293	0.978540441
0.837779068	0.982735767	0.750797916	0.914892005
0.842746151	0.974773147	0.652952233	0.557580209
0.847662001	0.965340763	0.549615425	0.6643665
0.852525189	0.954465455	0.445964599	0.968088032
0.857334289	0.942179634	0.466105373	0.930439398
0.862087875	0.928521174	0.570513324	0.581954529
0.866784521	0.913533284	0.673944586	0.643595133
0.871422805	0.897264334	0.771035875	0.960893998
0.876001308	0.879767668	0.856431134	0.938434911
0.880518614	0.861101379	0.925186623	0.594086101
0.88497331	0.841328058	0.97316099	0.6346313
0.889363988	0.820514522	0.997354253	0.95833248
0.893689245	0.79873151	0.996163152	0.940004726
0.897947684	0.776053364	0.969527287	0.594167224
0.902137914	0.752557675	0.918950294	0.637500394
0.90625855	0.728324925	0.847391931	0.960813141
0.910308214	0.703438101	0.759039389	0.935435325
0.914285538	0.677982292	0.658977895	0.582329191
0.918189161	0.652044282	0.552790585	0.65202852
0.922017732	0.625712119	0.446124591	0.967842717
0.925769908	0.599074689	0.468905181	0.924183736
0.929444359	0.572221269	0.576339906	0.558643053
0.933039762	0.545241092	0.682412662	0.677821243
0.936554811	0.518222896	0.781283574	0.978031795
0.939988207	0.491254489	0.867164705	0.904962734
0.943338666	0.464422309	0.934784519	0.523234422
0.946604918	0.437810991	0.97982863	0.714127061
0.949785707	0.411502956	0.999313621	0.989062388
0.95287979	0.425972602	0.991855954	0.875909424
0.95588594	0.45257043	0.957807455	0.476496737
0.958802946	0.479517478	0.899241623	0.759597151
0.961629615	0.506730742	0.819789901	0.997655017
0.964364768	0.534123459	0.724342221	0.834859448
0.967007245	0.56160546	0.618640142	0.419375932
0.969555906	0.589083562	0.508801957	0.811963144
0.972009628	0.616461987	0.40980154	0.999596691
0.974367308	0.643642802	0.518348173	0.779751306
0.976627863	0.670526386	0.628604948	0.458706596
0.978790231	0.697011922	0.734438671	0.867677678
0.980853371	0.722997902	0.829522081	0.989911149
0.982816265	0.748382652	0.907854872	0.709169985
0.984677917	0.773064867	0.964280922	0.539135823
0.986437352	0.796944162	0.994949447	0.921600196
0.988093622	0.81992162	0.99767171	0.963262031
0.989645802	0.841900352	0.972134516	0.62300056
0.991092991	0.862786048	0.919945882	0.630716805
0.992434315	0.882487534	0.844505638	0.9668589
0.993668924	0.900917308	0.750712227	0.914664819
0.994795996	0.917992076	0.644534581	0.523099273
0.995814736	0.933633266	0.532492446	0.729164607
0.996724377	0.947767524	0.421098309	0.99506495
0.997524178	0.960327188	0.499845483	0.840527101
0.99821343	0.971250733	0.612807861	0.413810021
0.99879145	0.980483187	0.722074062	0.827150087
0.999257588	0.987976519	0.820865598	0.997069744
0.99961122	0.993689981	0.902697747	0.739925711
0.999851757	0.997590415	0.961961551	0.516040083
0.999978639	0.999652523	0.994446219	0.914048843
0.999991338	0.999859082	0.997744891	0.964401086
0.999889358	0.998201123	0.971497897	0.615866659
0.999672235	0.994678051	0.917444504	0.647655337
0.99933954	0.989297726	0.839274845	0.97647936
0.998890876	0.982076481	0.742295826	0.891349382
0.998325879	0.973039097	0.632945611	0.476096226
0.997644221	0.96221872	0.518208288	0.780237089
0.996845608	0.949656731	0.405624572	0.999997993
0.995929781	0.935402554	0.519031043	0.777385526
0.994896517	0.91951342	0.634231775	0.481274068
0.993745627	0.902054079	0.744212476	0.896851899
0.99247696	0.883096464	0.841770298	0.972103536
0.991090401	0.862719297	0.920163804	0.629225297
0.98958587	0.841007669	0.973748881	0.641362847
0.987963327	0.81805256	0.998530206	0.976688309
0.986222766	0.793950326	0.992565148	0.886230863
0.984364221	0.768802153	0.95617216	0.461553316
0.982387764	0.742713473	0.89191726	0.798751622
0.980293503	0.715793356	0.804377344	0.998966215
0.978081585	0.688153869	0.699704945	0.745731943
0.975752196	0.659909425	0.585042112	0.523762604
0.973305561	0.631176112	0.467848583	0.926575338
0.970741942	0.602071006	0.457103948	0.948906151
0.968061642	0.572711485	0.574456165	0.56619276
0.965265002	0.543214541	0.690228571	0.708911096
0.962352402	0.513696089	0.796807874	0.994981208
0.959324261	0.484270293	0.886729747	0.82436653
0.956181039	0.455048902	0.953395609	0.4369685
0.952923233	0.426140601	0.991731136	0.874101636
0.949551382	0.413722276	0.99870948	0.979509618
0.946066062	0.442519831	0.973675975	0.640524678
0.94246789	0.47175254	0.918433346	0.641003705
0.938757521	0.501314388	0.837074396	0.980018214
0.934935653	0.531094278	0.73557927	0.871218494
0.931003018	0.560976587	0.621222755	0.429476515
0.92696039	0.590841768	0.501859922	0.834256382
0.922808584	0.620566998	0.425714783	0.991792162
0.918548451	0.650026862	0.544386679	0.684497972
0.914180881	0.679094068	0.663355836	0.600298934
0.909706805	0.707640199	0.77466704	0.967473595
0.905127191	0.735536482	0.870348096	0.893579424
0.900443045	0.762654576	0.943194736	0.457566914
0.895655412	0.788867379	0.987509306	0.814592511
0.890765374	0.814049841	0.999704409	0.99527861
0.885774052	0.838079771	0.978696622	0.700136855
0.880682603	0.86083865	0.926039506	0.587986254
0.875492221	0.882212426	0.845776592	0.964263362
0.870204139	0.902092295	0.744029435	0.896329357
0.864819622	0.92037546	0.628368891	0.457759195
0.859339976	0.936965854	0.507044598	0.8177067
0.853766539	0.951774833	0.422648836	0.994057436
0.848100685	0.96472183	0.543240648	0.688874362
0.842343824	0.975734953	0.664202589	0.603771219
0.8364974	0.984751539	0.777176371	0.971699038
0.830562889	0.991718648	0.873796337	0.880489894
0.824541803	0.996593491	0.946541075	0.430629915
0.818435685	0.999343801	0.989530485	0.842691651
0.812246111	0.999948121	0.99916927	0.986773506
0.80597469	0.998396035	0.974554388	0.650672012
0.79962306	0.994688309	0.91759224	0.646667814
0.793192891	0.988836962	0.832807602	0.986033059
0.786685883	0.98086526	0.726865524	0.843290395
0.780103765	0.970807622	0.607864298	0.43308976
0.773448297	0.958709456	0.484486776	0.885214119
0.766721263	0.944626905	0.446595588	0.9671189
0.759924477	0.928626529	0.569818373	0.584741227
0.753059781	0.910784899	0.691578932	0.714218432
0.746129041	0.891188119	0.803048619	0.998479587
0.739134149	0.869931286	0.89560597	0.779470454
0.732077022	0.847117878	0.961751038	0.513978042
0.7249596	0.822859073	0.995931039	0.936463369
0.717783846	0.79727303	0.995170808	0.924936061
0.710551747	0.770484096	0.959424259	0.491610933
0.703265311	0.742621985	0.891598028	0.800381852
0.695926564	0.71382091	0.797240949	0.995287088
0.688537555	0.684218684	0.683936992	0.683919181
0.68110035	0.653955798	0.560478426	0.621855
0.673617035	0.623174477	0.435924542	0.981707676
0.666089711	0.592017731	0.497205242	0.8486197
0.658520498	0.560628398	0.622649185	0.435079597
0.650911528	0.529148201	0.74272171	0.892576702
0.64326495	0.497716807	0.848187679	0.95905695
0.635582927	0.466470914	0.930467589	0.55568491
0.627867632	0.435543368	0.982590116	0.749118864
0.620121252	0.406334745	0.999992141	0.999874247
0.612345983	0.436869775	0.981058807	0.729560344
0.604544034	0.467909704	0.927328722	0.578689294
0.596717619	0.499327454	0.843333458	0.969166387
0.588868961	0.530989616	0.736089686	0.872788543
0.58100029	0.56275722	0.614309368	0.40800412
0.573113843	0.594486571	0.487431394	0.87710494
0.565211861	0.626030136	0.447139965	0.966269262
0.557296586	0.657237484	0.57388289	0.568497306
0.549370268	0.687956273	0.698758759	0.7420985
0.541435154	0.718033262	0.812170325	0.999931271
0.533493494	0.747315362	0.904822849	0.727459642
0.525547538	0.775650702	0.968767908	0.585953088
0.517599533	0.802889704	0.998328829	0.973526161
0.509651724	0.828886162	0.990781545	0.860442003
0.501706353	0.853498314	0.946695317	0.429380721
0.493765659	0.876589898	0.869883212	0.895287089
0.485831871	0.898031181	0.766965742	0.952874536
0.477907217	0.917699953	0.646604847	0.53154804
0.469993912	0.935482481	0.518511019	0.779200903
0.462094166	0.951274406	0.418377333	0.996613684
0.454210178	0.964981582	0.545852544	0.678893448
0.446344136	0.976520847	0.673501857	0.641778345
0.438498215	0.985820714	0.791439005	0.990411714
0.43067458	0.992821985	0.889870049	0.809076882
0.42287538	0.997478272	0.960210688	0.499087515
0.41510275	0.999756422	0.996103686	0.939095796
0.417398573	0.999636847	0.994195122	0.910297279
0.425203151	0.997113751	0.9545586	0.447142993
0.433047672	0.992195243	0.880704456	0.851896311
0.440930134	0.984903355	0.77916918	0.974860479
0.448848495	0.975273941	0.658739925	0.581334927
0.456800679	0.963356469	0.529420718	0.740424677
0.464784575	0.949213712	0.40935247	0.999673994
0.472798035	0.93292132	0.53797874	0.708787231
0.480838877	0.914567306	0.667368674	0.616736025
0.488904887	0.894251413	0.787314482	0.985958371
0.496993818	0.872084409	0.887651439	0.819951029
0.505103389	0.848187273	0.959442016	0.491776126
0.513231291	0.822690316	0.996058002	0.938398473
0.521375182	0.795732216	0.994007073	0.90749579
0.529532692	0.767458993	0.953383297	0.436856932
0.537701423	0.738022929	0.877873405	0.863999844
0.545878947	0.707581431	0.774314405	0.966854491
0.554062812	0.67629587	0.65186329	0.553090694
0.562250538	0.644330377	0.520895752	0.770894252
0.570439622	0.611850635	0.418958324	0.996308425
0.578627536	0.57902266	0.549434697	0.665090874
0.586811729	0.546011584	0.679796568	0.667279112
0.59498963	0.512980456	0.799451799	0.996703892
0.603158645	0.480089071	0.897978824	0.766604976
0.611316163	0.447492834	0.966372779	0.560601846
0.619459552	0.415341668	0.998162911	0.970926557
0.627586164	0.428031737	0.990238886	0.852707512
0.635693335	0.46044075	0.943262649	0.457030833
0.643778386	0.493290735	0.861601816	0.923261662
0.651838623	0.526429446	0.752790903	0.920062381
0.659871341	0.559697983	0.626596756	0.450688923
0.667873821	0.592931841	0.493822837	0.858749098
0.675843337	0.625962038	0.446699797	0.966963383
0.683777152	0.6586163	0.579383869	0.546469188
0.691672522	0.690720296	0.709541099	0.782612119
0.699526696	0.722098923	0.826178283	0.993200359
0.707336919	0.752577619	0.918793432	0.638576383
0.715100432	0.781983693	0.978669951	0.699805819
0.722814472	0.810147669	0.999988051	0.999808817
0.730476277	0.83690462	0.980587613	0.723616449
0.738083083	0.862095486	0.922265595	0.61470261
0.74563213	0.885568372	0.830559779	0.988759705
0.753120659	0.90717979	0.71404795	0.798974844
0.760545917	0.92679586	0.583264851	0.530909889
0.767905154	0.94429344	0.449396263	0.962637374
0.77519563	0.959561181	0.492417621	0.862877258
0.782414612	0.972500495	0.626726854	0.451200958
0.789559376	0.983026428	0.754477804	0.924341309
0.796627213	0.991068424	0.864385404	0.914366157
0.803615421	0.996570975	0.946181062	0.433555772
0.810521317	0.999494156	0.991919934	0.876834178
0.817342231	0.999814021	0.997023556	0.953216262
0.824075511	0.99752288	0.960897881	0.505686445
0.830718522	0.99262943	0.887029158	0.822947006
0.83726865	0.985158757	0.782539358	0.979812274
0.843723302	0.975152188	0.657266018	0.57526851
0.850079908	0.962667018	0.522504318	0.765243085
0.856335919	0.947776091	0.4211961	0.995009506
0.862488816	0.930567251	0.555668183	0.640811809
0.868536104	0.911142663	0.689480003	0.7059358
0.874475316	0.889618013	0.811060949	0.999993843
0.880304016	0.866121595	0.909149858	0.701202402
0.886019797	0.840793281	0.974225409	0.646851831
0.891620286	0.813783402	0.999759221	0.99615275
0.897103144	0.785251541	0.983098672	0.755695979
0.902466065	0.755365241	0.92583997	0.589429571
0.90770678	0.724298662	0.833629868	0.98496455
0.91282306	0.692231175	0.715423478	0.803888352
0.917812712	0.659345923	0.582310797	0.534742619
0.922673584	0.625828359	0.446091095	0.967909411
0.927403567	0.591864774	0.498181034	0.845671139
0.932000593	0.55764082	0.634801121	0.483539226
0.936462639	0.523340063	0.763901024	0.946402575
0.940787728	0.489142562	0.873622542	0.881179725
0.944973928	0.455223491	0.953318572	0.436290148
0.949019355	0.42175182	0.994959432	0.921748323
0.952922176	0.422923972	0.994224839	0.910739164
0.956680605	0.456460009	0.951108068	0.41743065
0.960292909	0.49048334	0.869933507	0.895111981
0.963757408	0.524824867	0.758781229	0.934812215
0.967072472	0.559307893	0.628406637	0.457880944
0.970236529	0.593749394	0.490822942	0.867506676
0.973248061	0.627961366	0.454405809	0.953952279
0.976105607	0.661752247	0.592035488	0.495813568
0.978807762	0.694928407	0.725819722	0.83979147
0.981353182	0.727295678	0.843545387	0.968762825
0.983740579	0.758660921	0.933776134	0.530911993
0.985968728	0.788833608	0.987370046	0.812677709
0.988036463	0.817627414	0.998732004	0.979863933
0.989942682	0.844861789	0.966600215	0.562968255
0.991686344	0.870363506	0.894237795	0.786740828
0.993266472	0.893968166	0.788995008	0.987865884
0.994682154	0.915521643	0.661309362	0.591865812
0.995932542	0.934881451	0.523301245	0.762435348
0.997016853	0.951918034	0.423671762	0.993349252
0.997934372	0.96651594	0.561573462	0.617561686
0.998684449	0.978574893	0.6982479	0.740111281
0.999266503	0.988010731	0.821245495	0.996850699
0.99968002	0.994756212	0.918574398	0.640069047
0.999924553	0.998761671	0.980302163	0.720030625
0.999999728	0.999995527	0.999928321	0.998853521
0.999905235	0.998444631	0.975306066	0.659441047
0.999640837	0.994114445	0.90896047	0.70238303
0.999206368	0.98702906	0.807747826	0.99978199
0.998601728	0.977231046	0.681908412	0.67575642
0.997826891	0.96478113	0.543664208	0.687300023
0.996881901	0.949757717	0.40558579	0.999998593
0.995766873	0.932256244	0.543191149	0.689107124
0.994481992	0.912388382	0.681687916	0.674867447
0.993027515	0.890281094	0.807891535	0.999803358
0.991403771	0.866075547	0.909411162	0.699588139
0.98961116	0.839925911	0.97578988	0.665135948
0.987650151	0.811998024	0.999964659	0.999434602
0.985521287	0.782467973	0.979278246	0.707289394
0.98322518	0.751520577	0.915873826	0.658129466
0.980762515	0.719347797	0.816403705	0.999070542
0.978134047	0.686147097	0.691096959	0.712289751
0.975340599	0.65211976	0.552337253	0.653851776
0.972383069	0.61746918	0.412981569	0.998831355
0.96926242	0.582399152	0.536421622	0.714652899
0.965979689	0.547112175	0.676098116	0.652291177
0.962535978	0.511807779	0.803849866	0.998781385
0.958932461	0.476680899	0.906997412	0.714425022
0.955170379	0.441920316	0.974791794	0.653423432
0.951251041	0.40770717	0.999933188	0.998931316
0.947175822	0.438275076	0.979629054	0.711634099
0.942946166	0.473041005	0.916012854	0.657213101
0.93856358	0.508231094	0.815849768	0.999240196
0.934029639	0.543656774	0.689575514	0.706290703
0.92934598	0.579121864	0.549826326	0.663613363
0.924514307	0.614424087	0.40970175	0.999617323
0.919536384	0.649356683	0.540750005	0.698390174
0.914414038	0.683710091	0.681117787	0.672564471
0.909149159	0.717273691	0.808915547	0.99992404
0.903743695	0.749837593	0.911271719	0.687916088
0.898199655	0.78119444	0.977370078	0.683990936
0.892519106	0.81114123	0.999998474	0.999975575
0.886704171	0.83948111	0.976607777	0.674844893
0.880757033	0.866025151	0.909699689	0.697797554
0.874679926	0.890594065	0.806474243	0.9995431
0.868475142	0.913019856	0.677793679	0.659151648
0.862145022	0.933147382	0.536635407	0.713864429
0.855691964	0.950835817	0.414415839	0.998356241
0.849118411	0.965959986	0.55567728	0.64081673
0.84242686	0.978411576	0.696161736	0.732041109
0.835619852	0.988100188	0.822429495	0.996106298
0.828699979	0.994954232	0.92153069	0.619833389
0.821669876	0.998921655	0.982824823	0.752140057
0.814532221	0.999970481	0.99952687	0.992450465
0.807289737	0.998089173	0.969717353	0.59621596
0.799945187	0.993286795	0.896641026	0.77392967
0.792501374	0.985592989	0.788239564	0.98701734
0.784961139	0.975057751	0.655995472	0.570008513
0.777327361	0.961751015	0.513282396	0.797127161
0.769602952	0.945762051	0.43783871	0.979414022
0.761790861	0.927198677	0.580688771	0.541293634
0.753894065	0.906186295	0.720416065	0.821391681
0.745915576	0.882866762	0.843306053	0.969235043
0.737858432	0.85739711	0.936490429	0.510200978
0.729725699	0.829948119	0.989788249	0.846318121
0.721520469	0.80070277	0.997208545	0.956073354
0.713245859	0.769854586	0.957855411	0.476915131
0.704905006	0.737605883	0.876076106	0.871432168
0.696501071	0.704165945	0.760823236	0.939533458
0.688037231	0.669749148	0.624338771	0.441682277
0.679516682	0.634573051	0.480384691	0.896187222
0.670942635	0.598856466	0.471068525	0.919246718
0.662318316	0.562817549	0.615153503	0.405760432
0.653646962	0.5266719	0.752764156	0.919963871
0.64493182	0.490630727	0.869999959	0.894888655
0.636176146	0.454899063	0.954304909	0.444885167
0.627383206	0.419674074	0.996298682	0.942072682
0.618556265	0.427260122	0.991183609	0.866197917
0.609698598	0.462646756	0.939481236	0.486976222
0.600813477	0.498529408	0.846966568	0.961761037
0.591904176	0.534708903	0.723808409	0.832996338
0.582973966	0.57097746	0.583063665	0.531785021
0.574026117	0.607120365	0.438785251	0.978224731
0.565063889	0.642917754	0.513857356	0.795209302
0.55609054	0.678146478	0.658174678	0.578938401
0.547109316	0.712582039	0.791670144	0.990624907
0.538123453	0.746000569	0.900444071	0.752885358
0.529136176	0.778180844	0.972572825	0.627922827
0.520150694	0.808906294	0.999881854	0.998110734
0.511170201	0.837967006	0.97919199	0.706213813
0.502197875	0.865161684	0.912817515	0.67807169
0.493236874	0.890299552	0.808224805	0.999847927
0.484290334	0.913202176	0.676909091	0.655538825
0.47536137	0.933705188	0.532685154	0.728557301
0.466453073	0.951659885	0.421148766	0.99505284
0.457568508	0.966934696	0.565672251	0.601368402
0.448710713	0.979416487	0.708411064	0.77838936
0.439882696	0.989011698	0.835048574	0.983031396
0.431087437	0.995647302	0.931991833	0.544376658
0.422327882	0.999271557	0.988367396	0.826421713
0.426889703	0.999854563	0.997669317	0.963221551
0.435731547	0.997388602	0.95876758	0.48539779
0.444612709	0.991888264	0.87609485	0.871369109
0.453530177	0.983390355	0.758975147	0.935237425
0.462480896	0.971953583	0.620211691	0.425410501
0.471461774	0.957658034	0.474182469	0.911835418
0.480469677	0.940604434	0.479344284	0.898912601
0.489501436	0.920913206	0.62547255	0.446132844
0.498553846	0.898723345	0.763893721	0.946354265
0.507623667	0.8741911	0.880153215	0.85433958
0.516707631	0.847488499	0.96140112	0.510533449
0.525802435	0.81880172	0.998323635	0.973442341
0.53490475	0.788329331	0.986580704	0.801901912
0.544011222	0.75628042	0.927491113	0.57756309
0.553118468	0.72287263	0.827838933	0.991664712
0.562223085	0.688330127	0.698833404	0.742295339
0.571321649	0.652881515	0.554406882	0.645852783
0.580410715	0.616757735	0.409152228	0.99971031
0.589486822	0.580189955	0.546499648	0.676534297
0.598546494	0.543407483	0.691483771	0.713739519
0.607586239	0.506635727	0.821870742	0.996474518
0.616602558	0.470094219	0.923523298	0.60594054
0.625591938	0.433994722	0.984896976	0.779294067
0.634550861	0.414090637	0.998813312	0.981144419
0.643475803	0.449875001	0.963587415	0.532111438
0.652363237	0.486240561	0.883303602	0.840371671
0.661209633	0.522980801	0.76718622	0.953281055
0.670011464	0.559879535	0.628177378	0.456866718
0.678765203	0.596712699	0.48097636	0.894687078
0.68746733	0.633250267	0.473757929	0.912891968
0.69611433	0.669258263	0.621075977	0.428760231
0.704702699	0.70450085	0.761002794	0.939913614
0.71322894	0.738742473	0.878721597	0.860486744
0.721689574	0.771750041	0.961028469	0.506909807
0.730081133	0.803295109	0.998346722	0.973803774
0.738400167	0.833156053	0.986226998	0.797108165
0.746643245	0.861120196	0.926059201	0.587914341
0.754806958	0.886985878	0.82486351	0.994326267
0.76288792	0.910564434	0.694196116	0.72433231
0.770882768	0.931682066	0.548367261	0.669365234
0.778788169	0.950181576	0.40842505	0.999811855
0.786600817	0.965923954	0.554833348	0.644232433
0.794317438	0.97878979	0.700449976	0.748443919
0.80193479	0.988680501	0.8302817	0.9890978
0.809449667	0.995519354	0.92998825	0.559303829
0.8168589	0.999252273	0.988050554	0.822024836
0.824159358	0.999848426	0.997568947	0.961658772
0.83134795	0.99730057	0.957363541	0.472350051
0.83842163	0.99162517	0.872172424	0.886820547
0.845377393	0.982862268	0.751908564	0.917710905
0.852212283	0.971075124	0.610109998	0.424483483
0.858923389	0.956349614	0.461865048	0.939564902
0.865507853	0.938793404	0.494032127	0.858275706
0.871962865	0.918534905	0.642251972	0.513603909
0.878285671	0.895722017	0.780764809	0.977225477
0.884473568	0.870520685	0.894545563	0.785191993
0.890523914	0.843113273	0.970567574	0.605498868
0.89643412	0.813696783	0.999826843	0.997231744
0.902201659	0.782480934	0.978775773	0.701067139
0.907824064	0.749686124	0.909900445	0.696610068
0.913298932	0.715541305	0.801331951	0.997701172
0.918623922	0.680281778	0.665561561	0.609163486
0.923796757	0.644146954	0.517495229	0.782896485
0.92881523	0.60737809	0.439275594	0.977642247
0.933677198	0.570216038	0.587730634	0.513221833
0.938380589	0.53289902	0.732062607	0.86004991
0.942923402	0.495660458	0.856932431	0.937111986
0.947303705	0.458726894	0.948197026	0.417230655
0.95151964	0.422316006	0.995094296	0.923768711
0.955569421	0.427059338	0.991953806	0.877306453
0.95945134	0.463576587	0.939116061	0.489892403
0.963163759	0.500607502	0.842886907	0.97007342
0.966705122	0.537932877	0.714533254	0.800566376
0.970073947	0.575324185	0.568505266	0.590220588
0.97326883	0.612545564	0.420211857	0.995640024
0.976288448	0.649355901	0.53764368	0.710286365
0.979131555	0.685511027	0.685491629	0.689919315
0.981796986	0.720765972	0.818868212	0.998120554
0.984283658	0.754877268	0.922850081	0.610725123
0.986590567	0.787605272	0.985242502	0.783874671
0.988716794	0.81871648	0.998513248	0.976416834
0.9906615	0.847985815	0.961012673	0.506724686
0.992423927	0.875198843	0.877249987	0.866695145
0.994003405	0.900153919	0.757171596	0.930872981
0.995399342	0.922664212	0.614574917	0.407226646
0.996611232	0.9425596	0.464951768	0.933115578
0.997638653	0.959688408	0.492328012	0.863356392
0.998481265	0.973918973	0.641900698	0.512082088
0.999138814	0.985141002	0.781617704	0.978445334
0.999611127	0.993266731	0.896053195	0.777205499
0.999898117	0.998231849	0.97187212	0.619977421
0.99999978	0.999996186	0.999938674	0.999018839
0.999916195	0.998544156	0.976795495	0.677035333
0.999647524	0.993884944	0.905234706	0.72514734
0.999194013	0.986052444	0.793850977	0.99259964
0.998555989	0.975104935	0.655658985	0.568407725
0.997733863	0.961124513	0.506033413	0.821254798
0.996728126	0.944216273	0.451822311	0.958687497
0.995539353	0.924507258	0.601775209	0.457390071
0.994168195	0.902145182	0.746063349	0.901888605
0.992615389	0.877296952	0.868979883	0.898682847
0.990881748	0.850146985	0.956302766	0.462626128
0.988968163	0.820895368	0.997535591	0.961135228
0.986875607	0.78975586	0.987606095	0.815874692
0.984605126	0.756953764	0.927702069	0.576133373
0.982157845	0.72272371	0.825084415	0.994168385
0.979534965	0.687307342	0.691910911	0.715235984
0.97673776	0.650950974	0.543291537	0.689046663
0.973767579	0.613903214	0.415965626	0.997789449
0.970625843	0.576412591	0.565329511	0.603033227
0.967314044	0.538725216	0.712778973	0.794138421
0.963833747	0.501082505	0.842496527	0.970848809
0.960186584	0.463718975	0.939586307	0.486281479
0.956374257	0.426860156	0.992411781	0.883955116
0.952398534	0.424567123	0.994477183	0.914484991
0.948261248	0.461412046	0.945497801	0.439228693
0.943964298	0.498787829	0.851454057	0.951525964
0.939509646	0.536469172	0.723617227	0.832134974
0.934899316	0.574221201	0.576730561	0.557521717
0.930135391	0.611801547	0.42668764	0.991098753
0.925220014	0.648962544	0.532583848	0.72929452
0.920155386	0.685453514	0.68209776	0.676157885
0.914943764	0.721023137	0.817212559	0.998813515
0.909587459	0.755421846	0.922533399	0.613038949
0.904088835	0.788404252	0.98547827	0.786991627
0.898450308	0.819731548	0.998310075	0.973222091
0.892674344	0.849173878	0.959411781	0.491348235
0.886763456	0.876512639	0.873560279	0.881601698
0.880720207	0.901542682	0.751144783	0.915572459
0.874547201	0.9240744	0.606477698	0.439010921
0.868247088	0.943935669	0.455517366	0.952153671
0.861822559	0.960973615	0.503425476	0.82980102
0.855276346	0.9750562	0.654170996	0.562071087
0.848611217	0.986073593	0.793529029	0.992284106
0.84182998	0.993939317	0.905745906	0.722211773
0.834935475	0.998591159	0.977462329	0.684994517
0.827930578	0.999991827	0.999868131	0.997890666
0.820818193	0.998129352	0.970154742	0.600864006
0.813601258	0.993017224	0.891986767	0.798657944
0.806282735	0.984694261	0.77490058	0.96771311
0.798865614	0.973224222	0.632743935	0.474733566
0.791352911	0.958695154	0.481453275	0.893769169
0.783747664	0.941218489	0.477655361	0.903608847
0.776052929	0.920927904	0.62901651	0.459726968
0.768271786	0.897977949	0.771682335	0.961897143
0.76040733	0.872542472	0.889650358	0.810462839
0.752462672	0.84481284	0.968926867	0.58748663
0.744440937	0.814996003	0.999780667	0.99649313
0.736345264	0.783312401	0.978347687	0.695720858
0.728178802	0.749993754	0.907278534	0.713018237
0.719944708	0.715280746	0.795302874	0.993758388
0.711646147	0.679420651	0.655793267	0.568590491
0.70328629	0.642664908	0.504602753	0.826207803
0.694868312	0.605266682	0.455022686	0.953222763
0.686395391	0.567478447	0.606557254	0.439007051
0.677870704	0.529549595	0.751781767	0.917088013
0.66929743	0.491724131	0.874529592	0.877930813
0.660678743	0.454238444	0.96029243	0.499623566
0.652017815	0.417319209	0.99855317	0.977034022
0.643317812	0.438613565	0.984520142	0.774184329
0.634581893	0.475930618	0.919929807	0.631222877
0.625813208	0.513686022	0.812761719	0.999884376
0.617014899	0.551646083	0.675919663	0.650855309
0.608190095	0.589568553	0.525131873	0.756744017
0.599341913	0.627204836	0.435249643	0.982815671
0.590473456	0.664302296	0.586651282	0.518351205
0.581587812	0.700606641	0.733840718	0.865210718
0.572688051	0.735864362	0.860551168	0.92682392
0.563777228	0.769825186	0.951859324	0.423449875
0.554858375	0.802244534	0.99658081	0.946356939
0.545934507	0.832885932	0.989114155	0.836717157
0.537008615	0.861523368	0.930379142	0.556805964
0.528083668	0.887943559	0.827667063	0.99195441
0.519162613	0.911948092	0.693430842	0.720595906
0.510248369	0.933355434	0.543247855	0.689977932
0.501343831	0.952002768	0.418049024	0.996957378
0.492451866	0.967747644	0.569114826	0.588879227
0.483575315	0.980469429	0.717802259	0.811444592
0.474716989	0.99007052	0.847792124	0.960276298
0.465879667	0.996477337	0.943828514	0.453010128
0.457066102	0.999641051	0.994163196	0.909729144
0.448279012	0.999538063	0.99249173	0.885039594
0.439521083	0.996170223	0.939009552	0.491191244
0.43079497	0.989564776	0.840382685	0.974882337
0.439135848	0.979774056	0.708637912	0.77827845
0.448456072	0.966874913	0.559186627	0.628431962
0.457815953	0.950967895	0.408360689	0.999860232
0.467211976	0.932176184	0.553740593	0.650061772
0.476640575	0.910644312	0.703560406	0.759090685
0.486098136	0.886536661	0.836260472	0.981571493
0.495580999	0.860035772	0.936320744	0.512201005
0.505085462	0.831340481	0.99151908	0.870865902
0.514607779	0.800663907	0.994943983	0.921409397
0.524144166	0.768231313	0.946151967	0.434465601
0.533690798	0.734277867	0.851244685	0.952434876
0.54324382	0.699046328	0.721850216	0.82516037
0.55279934	0.662784686	0.573205659	0.573163873
0.562353435	0.625743779	0.421709155	0.995022749
0.571902157	0.588174915	0.540314335	0.702281575
0.581441527	0.550327533	0.690979452	0.70999579
0.590967545	0.512446916	0.825914806	0.993694785
0.60047619	0.474771989	0.929394133	0.56464726
0.609963419	0.437533224	0.988800361	0.832160052
0.619425176	0.434661632	0.99670086	0.948146454
0.628857387	0.472064961	0.952090883	0.424956928
0.638255968	0.509889041	0.86056396	0.927281749
0.647616828	0.547897543	0.733375838	0.862840754
0.656935864	0.585846902	0.585583568	0.524278519
0.666208974	0.623488658	0.433617743	0.985130935
0.675432052	0.660571871	0.528635767	0.746448906
0.684600992	0.696845577	0.679916558	0.664963221
0.693711693	0.732061261	0.816685554	0.999126103
0.702760059	0.765975313	0.923061882	0.610670206
0.711742003	0.798351436	0.986105363	0.794970983
0.720653451	0.828962976	0.997940608	0.967361314
0.729490339	0.857595148	0.957071808	0.468616651
0.738248621	0.884047127	0.868633849	0.90115766
0.746924273	0.908133987	0.74353128	0.892966556
0.755513287	0.929688451	0.596632593	0.481308784
0.764011684	0.948562447	0.444367612	0.972102066
0.772415508	0.964628441	0.518561279	0.783721204
0.780720834	0.977780536	0.670263029	0.624092453
0.78892377	0.987935334	0.808509014	0.999785212
0.797020456	0.995032537	0.917315908	0.650970174
0.805007069	0.999035298	0.983492746	0.759897984
0.812879826	0.99993031	0.998798493	0.980828319
0.820634988	0.997727651	0.961311851	0.508016758
0.828268855	0.992460365	0.875749957	0.875054795
0.835777779	0.984183827	0.752675592	0.917063139
0.843158158	0.972974858	0.606747798	0.44348047
0.850406442	0.958930655	0.454352799	0.957192349
0.857519135	0.942167512	0.510137779	0.815319743
0.864492799	0.922819376	0.662066639	0.587039169
0.871324051	0.901036265	0.801419966	0.997060245
0.878009571	0.876982544	0.912181191	0.68645435
0.884546102	0.850835119	0.981002908	0.727012023
0.89093045	0.822781555	0.999374451	0.989948779
0.897159491	0.793018141	0.965022133	0.543776394
0.903230169	0.76174795	0.882276725	0.849408247
0.909139499	0.729178897	0.761341603	0.936452021
0.914884571	0.69552183	0.616606367	0.409901239
0.920462547	0.660988688	0.464330427	0.9411246
0.925870671	0.625790726	0.504224496	0.842426425
0.931106262	0.590136845	0.656099606	0.55322641
0.936166722	0.554232046	0.795976714	0.991874056
0.941049536	0.518276006	0.907952927	0.718140599
0.945752272	0.482461815	0.978730863	0.69606992
0.950272586	0.446974856	0.999739482	0.995762324
0.95460822	0.446165454	0.968500805	0.576758199
0.958757005	0.483961303	0.888994361	0.824292318
0.962716865	0.522167504	0.770964399	0.952228891
0.966485813	0.56054078	0.628315246	0.43241645
0.970061959	0.598828971	0.476905912	0.924243495
0.973443504	0.636773386	0.507813967	0.866179431
0.976628748	0.674111271	0.65891208	0.522232803
0.979616088	0.710578368	0.797194823	0.984775938
0.982404016	0.745911527	0.907469602	0.747287262
0.984991127	0.779851345	0.977519643	0.66709502
0.987376115	0.8121448	0.999940679	0.9989777
0.989557775	0.842547847	0.973117721	0.608616375
0.991535003	0.870827946	0.901196617	0.800264711
0.9933068	0.896766491	0.793122562	0.965398336
0.994872269	0.920161109	0.661009138	0.464959164
0.996230617	0.940827803	0.518221864	0.907701576
0.997381155	0.958602908	0.483827996	0.889146827
0.998323302	0.97334484	0.636680781	0.507684505
0.999056578	0.984935617	0.779797005	0.9775033
0.999580613	0.993282127	0.896741926	0.793129089
0.99989514	0.998317133	0.973338673	0.636674994
1	1	1	1
